{
  "league_code": "E1",
  "pipeline_metrics": {
    "total_components": 5,
    "successful_components": 4,
    "pipeline_success": true,
    "best_model": "ensemble",
    "best_score": 1.0,
    "recommendations": [
      "Phase 2 pipeline completed successfully",
      "Proceed to Phase 3: Validation and Testing"
    ]
  },
  "component_results": {
    "model_architecture": {
      "base_models": {
        "xgboost": "XGBClassifier(base_score=None, booster=None, callbacks=None,\n              colsample_bylevel=None, colsample_bynode=None,\n              colsample_bytree=0.8, device=None, early_stopping_rounds=None,\n              enable_categorical=False, eval_metric='mlogloss',\n              feature_types=None, feature_weights=None, gamma=None,\n              grow_policy=None, importance_type=None,\n              interaction_constraints=None, learning_rate=0.05, max_bin=None,\n              max_cat_threshold=None, max_cat_to_onehot=None,\n              max_delta_step=None, max_depth=6, max_leaves=None,\n              min_child_weight=3, missing=nan, monotone_constraints=None,\n              multi_strategy=None, n_estimators=200, n_jobs=None,\n              num_parallel_tree=None, ...)",
        "lightgbm": "LGBMClassifier(bagging_fraction=0.8, bagging_freq=5, feature_fraction=0.8,\n               lambda_l1=0.1, lambda_l2=1.0, learning_rate=0.05, max_depth=6,\n               metric='multi_logloss', min_data_in_leaf=20, n_estimators=200,\n               num_class=3, num_leaves=50, objective='multiclass',\n               random_state=42, verbose=-1)",
        "random_forest": "RandomForestClassifier(class_weight='balanced', max_depth=10,\n                       min_samples_leaf=2, min_samples_split=5,\n                       random_state=42)",
        "logistic_regression": "LogisticRegression(class_weight='balanced', max_iter=1000, random_state=42)"
      },
      "training_results": {
        "xgboost": {
          "model": null,
          "success": false,
          "error": "XGBClassifier.fit() got an unexpected keyword argument 'early_stopping_rounds'"
        },
        "lightgbm": {
          "model": "LGBMClassifier(bagging_fraction=0.8, bagging_freq=5, feature_fraction=0.8,\n               lambda_l1=0.1, lambda_l2=1.0, learning_rate=0.05, max_depth=6,\n               metric='multi_logloss', min_data_in_leaf=20, n_estimators=200,\n               num_class=3, num_leaves=50, objective='multiclass',\n               random_state=42, verbose=-1)",
          "train_accuracy": 1.0,
          "val_accuracy": 1.0,
          "train_logloss": 0.001691006074833698,
          "val_logloss": 0.0016853465085957856,
          "success": true
        },
        "random_forest": {
          "model": "RandomForestClassifier(class_weight='balanced', max_depth=10,\n                       min_samples_leaf=2, min_samples_split=5,\n                       random_state=42)",
          "train_accuracy": 1.0,
          "val_accuracy": 1.0,
          "train_logloss": 0.02071131740615101,
          "val_logloss": 0.03281625546475826,
          "success": true
        },
        "logistic_regression": {
          "model": "LogisticRegression(class_weight='balanced', max_iter=1000, random_state=42)",
          "train_accuracy": 1.0,
          "val_accuracy": 1.0,
          "train_logloss": 0.003896055205470742,
          "val_logloss": 0.005840027222712557,
          "success": true
        }
      },
      "ensemble_model": "VotingClassifier(estimators=[('lightgbm',\n                              LGBMClassifier(bagging_fraction=0.8,\n                                             bagging_freq=5,\n                                             feature_fraction=0.8,\n                                             lambda_l1=0.1, lambda_l2=1.0,\n                                             learning_rate=0.05, max_depth=6,\n                                             metric='multi_logloss',\n                                             min_data_in_leaf=20,\n                                             n_estimators=200, num_class=3,\n                                             num_leaves=50,\n                                             objective='multiclass',\n                                             random_state=42, verbose=-1)),\n                             ('random_forest',\n                              RandomForestClassifier(class_weight='balanced',\n                                                     max_depth=10,\n                                                     min_samples_leaf=2,\n                                                     min_samples_split=5,\n                                                     random_state=42)),\n                             ('logistic_regression',\n                              LogisticRegression(class_weight='balanced',\n                                                 max_iter=1000,\n                                                 random_state=42))],\n                 voting='soft')",
      "ensemble_results": {
        "model": "VotingClassifier(estimators=[('lightgbm',\n                              LGBMClassifier(bagging_fraction=0.8,\n                                             bagging_freq=5,\n                                             feature_fraction=0.8,\n                                             lambda_l1=0.1, lambda_l2=1.0,\n                                             learning_rate=0.05, max_depth=6,\n                                             metric='multi_logloss',\n                                             min_data_in_leaf=20,\n                                             n_estimators=200, num_class=3,\n                                             num_leaves=50,\n                                             objective='multiclass',\n                                             random_state=42, verbose=-1)),\n                             ('random_forest',\n                              RandomForestClassifier(class_weight='balanced',\n                                                     max_depth=10,\n                                                     min_samples_leaf=2,\n                                                     min_samples_split=5,\n                                                     random_state=42)),\n                             ('logistic_regression',\n                              LogisticRegression(class_weight='balanced',\n                                                 max_iter=1000,\n                                                 random_state=42))],\n                 voting='soft')",
        "train_accuracy": 1.0,
        "val_accuracy": 1.0,
        "train_logloss": 0.008679161968775422,
        "val_logloss": 0.01323423233117615,
        "success": true
      },
      "calibrated_models": {
        "lightgbm": "CalibratedClassifierCV(cv=3,\n                       estimator=LGBMClassifier(bagging_fraction=0.8,\n                                                bagging_freq=5,\n                                                feature_fraction=0.8,\n                                                lambda_l1=0.1, lambda_l2=1.0,\n                                                learning_rate=0.05, max_depth=6,\n                                                metric='multi_logloss',\n                                                min_data_in_leaf=20,\n                                                n_estimators=200, num_class=3,\n                                                num_leaves=50,\n                                                objective='multiclass',\n                                                random_state=42, verbose=-1),\n                       method='isotonic')",
        "random_forest": "CalibratedClassifierCV(cv=3,\n                       estimator=RandomForestClassifier(class_weight='balanced',\n                                                        max_depth=10,\n                                                        min_samples_leaf=2,\n                                                        min_samples_split=5,\n                                                        random_state=42),\n                       method='isotonic')",
        "logistic_regression": "CalibratedClassifierCV(cv=3,\n                       estimator=LogisticRegression(class_weight='balanced',\n                                                    max_iter=1000,\n                                                    random_state=42),\n                       method='isotonic')",
        "ensemble": "CalibratedClassifierCV(cv=3,\n                       estimator=VotingClassifier(estimators=[('lightgbm',\n                                                               LGBMClassifier(bagging_fraction=0.8,\n                                                                              bagging_freq=5,\n                                                                              feature_fraction=0.8,\n                                                                              lambda_l1=0.1,\n                                                                              lambda_l2=1.0,\n                                                                              learning_rate=0.05,\n                                                                              max_depth=6,\n                                                                              metric='multi_logloss',\n                                                                              min_data_in_leaf=20,\n                                                                              n_estimators=200,\n                                                                              num_class=3,\n                                                                              num_leaves=50,\n                                                                              objective='multiclass',\n                                                                              random_state=42,\n                                                                              verbose=-1)),\n                                                              ('random_forest',\n                                                               RandomForestClassifier(class_weight='balanced',\n                                                                                      max_depth=10,\n                                                                                      min_samples_leaf=2,\n                                                                                      min_samples_split=5,\n                                                                                      random_state=42)),\n                                                              ('logistic_regression',\n                                                               LogisticRegression(class_weight='balanced',\n                                                                                  max_iter=1000,\n                                                                                  random_state=42))],\n                                                  voting='soft'),\n                       method='isotonic')"
      },
      "evaluation_results": {
        "xgboost": {
          "error": "need to call fit or load_model beforehand"
        },
        "lightgbm": {
          "accuracy": 1.0,
          "log_loss": 0.0016979705812201252,
          "predictions": "[1 2 0 2 2 1 2 2 2 1 0 2 1 0 0 2 2 1 2 2 0 1 2 0 2 0 1 2 1 0 0 2 2 2 2 2 1\n 0 2 0 2 1 2 2 0 2 2 1 0 2 2 1 1 0 2 2 0 1 0 2 1 2 0 1 2 1 1 1 1 2 2 0 2 2\n 1 2 1 1 0 2 2 1 2 0 2 1 1 0 1 2 1 1 1 0 2 2 2 1 2 2 0 0 2 2 1 0 1 1 1 2 0\n 1 0 2]",
          "probabilities": "[[8.75935590e-04 9.98233431e-01 8.90633577e-04]\n [8.12518249e-04 8.07554169e-04 9.98379928e-01]\n [9.98313738e-01 8.33271383e-04 8.52990932e-04]\n [8.12500726e-04 8.29103460e-04 9.98358396e-01]\n [8.12500726e-04 8.29103460e-04 9.98358396e-01]\n [8.75935590e-04 9.98233431e-01 8.90633577e-04]\n [8.12500726e-04 8.29103460e-04 9.98358396e-01]\n [8.12318309e-04 1.05343066e-03 9.98134251e-01]\n [8.12518249e-04 8.07554169e-04 9.98379928e-01]\n [8.57716335e-04 9.98270175e-01 8.72108607e-04]\n [9.98291522e-01 8.55506341e-04 8.52971950e-04]\n [8.12514905e-04 8.11666877e-04 9.98375818e-01]\n [8.75935590e-04 9.98233431e-01 8.90633577e-04]\n [9.98309498e-01 8.37514954e-04 8.52987310e-04]\n [9.98313738e-01 8.33271383e-04 8.52990932e-04]\n [8.12518249e-04 8.07554169e-04 9.98379928e-01]\n [8.12514905e-04 8.11666877e-04 9.98375818e-01]\n [8.57716335e-04 9.98270175e-01 8.72108607e-04]\n [8.12514905e-04 8.11666877e-04 9.98375818e-01]\n [8.12514905e-04 8.11666877e-04 9.98375818e-01]\n [9.98309498e-01 8.37514954e-04 8.52987310e-04]\n [8.75935590e-04 9.98233431e-01 8.90633577e-04]\n [8.12518249e-04 8.07554169e-04 9.98379928e-01]\n [9.98309498e-01 8.37514954e-04 8.52987310e-04]\n [8.12514905e-04 8.11666877e-04 9.98375818e-01]\n [9.98313738e-01 8.33271383e-04 8.52990932e-04]\n [8.57716335e-04 9.98270175e-01 8.72108607e-04]\n [8.12518249e-04 8.07554169e-04 9.98379928e-01]\n [8.57716335e-04 9.98270175e-01 8.72108607e-04]\n [9.98309498e-01 8.37514954e-04 8.52987310e-04]\n [9.98313738e-01 8.33271383e-04 8.52990932e-04]\n [8.12500726e-04 8.29103460e-04 9.98358396e-01]\n [8.12514905e-04 8.11666877e-04 9.98375818e-01]\n [8.12514905e-04 8.11666877e-04 9.98375818e-01]\n [8.12514905e-04 8.11666877e-04 9.98375818e-01]\n [8.12514905e-04 8.11666877e-04 9.98375818e-01]\n [8.57716335e-04 9.98270175e-01 8.72108607e-04]\n [9.98313738e-01 8.33271383e-04 8.52990932e-04]\n [8.12518249e-04 8.07554169e-04 9.98379928e-01]\n [9.98313738e-01 8.33271383e-04 8.52990932e-04]\n [8.12518249e-04 8.07554169e-04 9.98379928e-01]\n [8.57716335e-04 9.98270175e-01 8.72108607e-04]\n [8.12518249e-04 8.07554169e-04 9.98379928e-01]\n [8.12318309e-04 1.05343066e-03 9.98134251e-01]\n [9.98313738e-01 8.33271383e-04 8.52990932e-04]\n [8.12518249e-04 8.07554169e-04 9.98379928e-01]\n [8.12500726e-04 8.29103460e-04 9.98358396e-01]\n [8.57716335e-04 9.98270175e-01 8.72108607e-04]\n [9.98291522e-01 8.55506341e-04 8.52971950e-04]\n [8.12514905e-04 8.11666877e-04 9.98375818e-01]\n [8.12500726e-04 8.29103460e-04 9.98358396e-01]\n [8.57716335e-04 9.98270175e-01 8.72108607e-04]\n [8.57716335e-04 9.98270175e-01 8.72108607e-04]\n [9.98313738e-01 8.33271383e-04 8.52990932e-04]\n [8.12318309e-04 1.05343066e-03 9.98134251e-01]\n [8.12518249e-04 8.07554169e-04 9.98379928e-01]\n [9.98313738e-01 8.33271383e-04 8.52990932e-04]\n [8.57716335e-04 9.98270175e-01 8.72108607e-04]\n [9.98309498e-01 8.37514954e-04 8.52987310e-04]\n [8.12518249e-04 8.07554169e-04 9.98379928e-01]\n [8.75935590e-04 9.98233431e-01 8.90633577e-04]\n [8.12500726e-04 8.29103460e-04 9.98358396e-01]\n [9.98291522e-01 8.55506341e-04 8.52971950e-04]\n [1.22073351e-03 9.97888940e-01 8.90326219e-04]\n [8.12518249e-04 8.07554169e-04 9.98379928e-01]\n [8.75935590e-04 9.98233431e-01 8.90633577e-04]\n [8.57716335e-04 9.98270175e-01 8.72108607e-04]\n [8.57716335e-04 9.98270175e-01 8.72108607e-04]\n [8.57716335e-04 9.98270175e-01 8.72108607e-04]\n [8.12500726e-04 8.29103460e-04 9.98358396e-01]\n [8.12518249e-04 8.07554169e-04 9.98379928e-01]\n [9.98313738e-01 8.33271383e-04 8.52990932e-04]\n [8.12518249e-04 8.07554169e-04 9.98379928e-01]\n [8.12514905e-04 8.11666877e-04 9.98375818e-01]\n [9.32226105e-04 9.98119905e-01 9.47868633e-04]\n [8.12514905e-04 8.11666877e-04 9.98375818e-01]\n [8.57716335e-04 9.98270175e-01 8.72108607e-04]\n [8.75935590e-04 9.98233431e-01 8.90633577e-04]\n [9.98313738e-01 8.33271383e-04 8.52990932e-04]\n [8.12518249e-04 8.07554169e-04 9.98379928e-01]\n [8.12518249e-04 8.07554169e-04 9.98379928e-01]\n [8.75935590e-04 9.98233431e-01 8.90633577e-04]\n [8.12318309e-04 1.05343066e-03 9.98134251e-01]\n [9.98313738e-01 8.33271383e-04 8.52990932e-04]\n [8.12518249e-04 8.07554169e-04 9.98379928e-01]\n [1.22073351e-03 9.97888940e-01 8.90326219e-04]\n [8.57716335e-04 9.98270175e-01 8.72108607e-04]\n [9.98309498e-01 8.37514954e-04 8.52987310e-04]\n [8.57716335e-04 9.98270175e-01 8.72108607e-04]\n [8.12500726e-04 8.29103460e-04 9.98358396e-01]\n [8.57716335e-04 9.98270175e-01 8.72108607e-04]\n [8.57716335e-04 9.98270175e-01 8.72108607e-04]\n [8.57716335e-04 9.98270175e-01 8.72108607e-04]\n [9.98309498e-01 8.37514954e-04 8.52987310e-04]\n [8.12514905e-04 8.11666877e-04 9.98375818e-01]\n [8.12518249e-04 8.07554169e-04 9.98379928e-01]\n [8.12514905e-04 8.11666877e-04 9.98375818e-01]\n [8.57716335e-04 9.98270175e-01 8.72108607e-04]\n [8.12500726e-04 8.29103460e-04 9.98358396e-01]\n [8.12514905e-04 8.11666877e-04 9.98375818e-01]\n [9.98309498e-01 8.37514954e-04 8.52987310e-04]\n [9.98313738e-01 8.33271383e-04 8.52990932e-04]\n [8.12435362e-04 9.09483992e-04 9.98278081e-01]\n [8.12514905e-04 8.11666877e-04 9.98375818e-01]\n [8.57716335e-04 9.98270175e-01 8.72108607e-04]\n [9.98313738e-01 8.33271383e-04 8.52990932e-04]\n [8.57716335e-04 9.98270175e-01 8.72108607e-04]\n [8.57716335e-04 9.98270175e-01 8.72108607e-04]\n [8.57716335e-04 9.98270175e-01 8.72108607e-04]\n [8.12318309e-04 1.05343066e-03 9.98134251e-01]\n [9.98291522e-01 8.55506341e-04 8.52971950e-04]\n [8.75935590e-04 9.98233431e-01 8.90633577e-04]\n [9.98313738e-01 8.33271383e-04 8.52990932e-04]\n [8.12518249e-04 8.07554169e-04 9.98379928e-01]]"
        },
        "random_forest": {
          "accuracy": 1.0,
          "log_loss": 0.04099639582662607,
          "predictions": "[1 2 0 2 2 1 2 2 2 1 0 2 1 0 0 2 2 1 2 2 0 1 2 0 2 0 1 2 1 0 0 2 2 2 2 2 1\n 0 2 0 2 1 2 2 0 2 2 1 0 2 2 1 1 0 2 2 0 1 0 2 1 2 0 1 2 1 1 1 1 2 2 0 2 2\n 1 2 1 1 0 2 2 1 2 0 2 1 1 0 1 2 1 1 1 0 2 2 2 1 2 2 0 0 2 2 1 0 1 1 1 2 0\n 1 0 2]",
          "probabilities": "[[0.02460465 0.94676035 0.028635  ]\n [0.01501959 0.01       0.97498041]\n [0.99435248 0.         0.00564752]\n [0.00562264 0.01351436 0.980863  ]\n [0.00562264 0.04       0.95437736]\n [0.02460465 0.9596893  0.01570605]\n [0.         0.01818681 0.98181319]\n [0.05260947 0.04730604 0.90008449]\n [0.01962874 0.03       0.95037126]\n [0.00719128 0.99280872 0.        ]\n [0.94664403 0.02240441 0.03095156]\n [0.01022729 0.01915323 0.97061948]\n [0.00464543 0.95729692 0.03805765]\n [0.98460465 0.00539535 0.01      ]\n [0.95719807 0.01       0.03280193]\n [0.00782152 0.         0.99217848]\n [0.01       0.         0.99      ]\n [0.         0.97832173 0.02167827]\n [0.         0.01600806 0.98399194]\n [0.00562264 0.00600806 0.98836929]\n [0.96703532 0.01539535 0.01756933]\n [0.0167221  0.92374457 0.05953333]\n [0.04805331 0.02113846 0.93080823]\n [0.90321823 0.05240441 0.04437736]\n [0.00562264 0.         0.99437736]\n [0.99       0.01       0.        ]\n [0.05299094 0.91052343 0.03648564]\n [0.01       0.01       0.98      ]\n [0.01630573 0.94264063 0.04105364]\n [0.98       0.02       0.        ]\n [0.94526287 0.02908962 0.02564752]\n [0.         0.0075063  0.9924937 ]\n [0.03673874 0.04598685 0.91727442]\n [0.00562264 0.00429395 0.99008341]\n [0.00658321 0.00600806 0.98740872]\n [0.01       0.         0.99      ]\n [0.03373109 0.94509768 0.02117123]\n [0.97       0.         0.03      ]\n [0.01       0.01       0.98      ]\n [0.99       0.01       0.        ]\n [0.00851541 0.02053651 0.97094807]\n [0.02       0.95832173 0.02167827]\n [0.01       0.02231366 0.96768634]\n [0.01204062 0.06486687 0.92309252]\n [0.96281243 0.02438563 0.01280193]\n [0.02587483 0.02600806 0.9481171 ]\n [0.         0.         1.        ]\n [0.01362822 0.95237984 0.03399194]\n [0.97486338 0.02075926 0.00437736]\n [0.         0.01030201 0.98969799]\n [0.01562264 0.0075063  0.97687106]\n [0.03414878 0.95941348 0.00643775]\n [0.         0.9975063  0.0024937 ]\n [0.95904044 0.01609724 0.02486232]\n [0.03362637 0.08272903 0.8836446 ]\n [0.01562264 0.02       0.96437736]\n [0.99       0.01       0.        ]\n [0.01384412 0.92858655 0.05756933]\n [0.96163997 0.0207907  0.01756933]\n [0.         0.         1.        ]\n [0.01       0.9608324  0.0291676 ]\n [0.02961148 0.0216338  0.94875472]\n [0.98       0.02       0.        ]\n [0.0543699  0.80059071 0.14503939]\n [0.         0.         1.        ]\n [0.02       0.96201613 0.01798387]\n [0.         0.99633331 0.00366669]\n [0.         0.99       0.01      ]\n [0.01181061 0.95411405 0.03407535]\n [0.01       0.01429395 0.97570605]\n [0.01562264 0.02582803 0.95854933]\n [0.96583914 0.00369427 0.0304666 ]\n [0.02110883 0.02231366 0.95657751]\n [0.         0.         1.        ]\n [0.00630573 0.97300081 0.02069346]\n [0.00562264 0.02       0.97437736]\n [0.03713037 0.78779009 0.17507954]\n [0.00630573 0.96639273 0.02730154]\n [0.94299799 0.01934887 0.03765314]\n [0.00719807 0.         0.99280193]\n [0.00793961 0.01       0.98206039]\n [0.04169054 0.93025228 0.02805717]\n [0.04362637 0.07349984 0.88287379]\n [0.95019606 0.02       0.02980394]\n [0.00562264 0.01351436 0.980863  ]\n [0.00742543 0.93963257 0.05294201]\n [0.01986407 0.92707129 0.05306464]\n [0.95299094 0.02700906 0.02      ]\n [0.01       0.98       0.01      ]\n [0.         0.01126418 0.98873582]\n [0.00759559 0.97240441 0.02      ]\n [0.         0.9875063  0.0124937 ]\n [0.01       0.98429395 0.00570605]\n [0.96150635 0.02240441 0.01608924]\n [0.         0.         1.        ]\n [0.01344416 0.00600806 0.98054777]\n [0.00562264 0.01       0.98437736]\n [0.00460465 0.98290165 0.0124937 ]\n [0.         0.01       0.99      ]\n [0.00562264 0.00600806 0.98836929]\n [0.950189   0.03076694 0.01904405]\n [0.92299094 0.03700906 0.04      ]\n [0.03790419 0.04021054 0.92188527]\n [0.         0.         1.        ]\n [0.00460465 0.97140341 0.02399194]\n [0.81788937 0.09992786 0.08218276]\n [0.         0.99231366 0.00768634]\n [0.01       0.96       0.03      ]\n [0.02561437 0.91513224 0.05925339]\n [0.02204062 0.06486687 0.91309252]\n [0.94460465 0.02539535 0.03      ]\n [0.00742543 0.93963257 0.05294201]\n [0.9515686  0.01278388 0.03564752]\n [0.01       0.         0.99      ]]"
        },
        "logistic_regression": {
          "accuracy": 1.0,
          "log_loss": 0.005428633659881864,
          "predictions": "[1 2 0 2 2 1 2 2 2 1 0 2 1 0 0 2 2 1 2 2 0 1 2 0 2 0 1 2 1 0 0 2 2 2 2 2 1\n 0 2 0 2 1 2 2 0 2 2 1 0 2 2 1 1 0 2 2 0 1 0 2 1 2 0 1 2 1 1 1 1 2 2 0 2 2\n 1 2 1 1 0 2 2 1 2 0 2 1 1 0 1 2 1 1 1 0 2 2 2 1 2 2 0 0 2 2 1 0 1 1 1 2 0\n 1 0 2]",
          "probabilities": "[[4.13935725e-03 9.94320908e-01 1.53973428e-03]\n [9.49530346e-04 1.00571595e-02 9.88993310e-01]\n [9.99991536e-01 7.26661600e-06 1.19722677e-06]\n [3.49082880e-04 3.99502718e-04 9.99251414e-01]\n [9.28896849e-06 2.03225894e-04 9.99787485e-01]\n [2.91366069e-03 9.95320547e-01 1.76579247e-03]\n [3.93112419e-06 1.13896172e-04 9.99882173e-01]\n [1.75967293e-03 3.62490641e-03 9.94615421e-01]\n [8.21061306e-05 7.39051711e-04 9.99178842e-01]\n [1.62960135e-03 9.96411675e-01 1.95872322e-03]\n [9.99458314e-01 4.08909585e-04 1.32776038e-04]\n [1.56346418e-03 1.13630531e-02 9.87073483e-01]\n [4.15408293e-03 9.92119183e-01 3.72673415e-03]\n [9.94398786e-01 4.00996967e-03 1.59124449e-03]\n [9.94646312e-01 4.37382125e-03 9.79866601e-04]\n [4.70120468e-05 3.51657782e-04 9.99601330e-01]\n [1.96815269e-03 9.29569747e-03 9.88736150e-01]\n [2.18351422e-03 9.92557764e-01 5.25872154e-03]\n [3.25453561e-04 2.54445573e-03 9.97130091e-01]\n [1.25084370e-04 3.42917642e-04 9.99531998e-01]\n [9.90847566e-01 7.03160468e-03 2.12082904e-03]\n [3.43197143e-03 9.92154416e-01 4.41361303e-03]\n [1.44947006e-03 2.82738572e-03 9.95723144e-01]\n [9.91682890e-01 5.55334722e-03 2.76376259e-03]\n [6.82715897e-04 3.76651830e-03 9.95550766e-01]\n [9.95871765e-01 2.98761093e-03 1.14062400e-03]\n [2.59370244e-03 9.95451432e-01 1.95486574e-03]\n [1.61872766e-03 5.55126187e-03 9.92830010e-01]\n [5.85433955e-03 9.91000292e-01 3.14536863e-03]\n [9.89266629e-01 9.34211915e-03 1.39125194e-03]\n [9.99989249e-01 1.05987321e-05 1.51908178e-07]\n [3.63925535e-04 5.98701323e-04 9.99037373e-01]\n [1.12889903e-03 6.53435571e-03 9.92336745e-01]\n [5.22279270e-03 7.75510420e-03 9.87022103e-01]\n [4.65818228e-08 6.56463429e-07 9.99999297e-01]\n [5.15387772e-04 9.27869730e-03 9.90205915e-01]\n [9.49129618e-03 9.85029040e-01 5.47966344e-03]\n [9.93794679e-01 3.91639663e-03 2.28892452e-03]\n [1.68336431e-03 1.43323347e-03 9.96883402e-01]\n [9.99925227e-01 6.80525118e-05 6.72066936e-06]\n [2.67999767e-04 4.23710938e-04 9.99308289e-01]\n [1.70829089e-03 9.96497862e-01 1.79384727e-03]\n [2.17400067e-03 9.97120473e-03 9.87854795e-01]\n [2.62166194e-03 5.09396198e-03 9.92284376e-01]\n [9.99992395e-01 7.29548659e-06 3.09711030e-07]\n [2.95400405e-04 1.22582815e-03 9.98478771e-01]\n [4.06074843e-06 1.63914790e-04 9.99832024e-01]\n [1.19553224e-03 9.95640353e-01 3.16411519e-03]\n [9.89912581e-01 7.16438808e-03 2.92303061e-03]\n [2.18368733e-04 1.54040369e-03 9.98241228e-01]\n [1.49569037e-03 4.32123506e-03 9.94183075e-01]\n [3.93230016e-03 9.93440012e-01 2.62768813e-03]\n [3.22848096e-03 9.93761768e-01 3.00975068e-03]\n [9.99496076e-01 4.31320666e-04 7.26031494e-05]\n [3.36487572e-03 6.45059518e-03 9.90184529e-01]\n [2.01718687e-03 3.38148411e-03 9.94601329e-01]\n [9.99994206e-01 5.61189110e-06 1.82596075e-07]\n [3.42662372e-03 9.93370958e-01 3.20241842e-03]\n [9.88671162e-01 9.49041456e-03 1.83842360e-03]\n [9.76100886e-04 7.01208448e-03 9.92011815e-01]\n [3.22679934e-03 9.94306329e-01 2.46687144e-03]\n [1.96991120e-03 1.16731484e-02 9.86356940e-01]\n [9.92205303e-01 6.50420173e-03 1.29049576e-03]\n [7.71470042e-03 9.86201792e-01 6.08350791e-03]\n [7.20839931e-05 3.91079581e-04 9.99536836e-01]\n [4.64737709e-03 9.92874273e-01 2.47834972e-03]\n [1.25555467e-03 9.96275355e-01 2.46909042e-03]\n [2.16107382e-03 9.91865746e-01 5.97318021e-03]\n [1.34463034e-03 9.96883101e-01 1.77226838e-03]\n [6.19987103e-04 4.68958292e-03 9.94690430e-01]\n [1.79226452e-04 7.35066363e-04 9.99085707e-01]\n [9.97783722e-01 1.84055890e-03 3.75719036e-04]\n [1.94870407e-03 4.55830021e-03 9.93492996e-01]\n [3.79085340e-06 6.06540420e-05 9.99935555e-01]\n [1.17461377e-03 9.96659796e-01 2.16559031e-03]\n [2.28496089e-03 8.79467918e-03 9.88920360e-01]\n [1.07084799e-03 9.94880648e-01 4.04850405e-03]\n [3.91141304e-03 9.91505015e-01 4.58357207e-03]\n [9.94356035e-01 4.07847483e-03 1.56549047e-03]\n [8.52686146e-04 3.77972871e-03 9.95367585e-01]\n [3.92026352e-03 5.59655425e-03 9.90483182e-01]\n [3.30472493e-03 9.92965213e-01 3.73006195e-03]\n [1.13071340e-03 5.88456174e-03 9.92984725e-01]\n [9.99992404e-01 7.24138202e-06 3.54162516e-07]\n [2.68311648e-04 3.00592979e-04 9.99431095e-01]\n [1.99383312e-03 9.95906942e-01 2.09922487e-03]\n [1.11833176e-02 9.84414267e-01 4.40241499e-03]\n [9.99853370e-01 1.23811469e-04 2.28188434e-05]\n [5.22049948e-03 9.91000338e-01 3.77916244e-03]\n [4.95991960e-05 8.76937792e-04 9.99073463e-01]\n [3.36142445e-03 9.95271310e-01 1.36726522e-03]\n [2.51122595e-03 9.94447113e-01 3.04166072e-03]\n [3.42854695e-03 9.94803748e-01 1.76770529e-03]\n [9.94239581e-01 3.82771181e-03 1.93270742e-03]\n [9.88892918e-07 1.60695874e-05 9.99982942e-01]\n [1.90965250e-04 9.63483623e-04 9.98845551e-01]\n [4.46570352e-03 5.16397568e-03 9.90370321e-01]\n [2.88187544e-03 9.95514156e-01 1.60396837e-03]\n [6.53775767e-06 7.12921074e-05 9.99922170e-01]\n [8.26905641e-06 1.49557963e-04 9.99842173e-01]\n [9.98712113e-01 1.18869507e-03 9.91915008e-05]\n [9.95177614e-01 3.23324031e-03 1.58914547e-03]\n [3.34610601e-05 1.26013350e-04 9.99840526e-01]\n [2.15865822e-05 1.13848823e-04 9.99864565e-01]\n [1.30377130e-03 9.96741888e-01 1.95434064e-03]\n [9.97819645e-01 8.14235609e-04 1.36611900e-03]\n [1.17777543e-03 9.97462403e-01 1.35982113e-03]\n [5.98927478e-03 9.88410277e-01 5.60044842e-03]\n [1.46746002e-02 9.70439010e-01 1.48863900e-02]\n [1.96895504e-03 3.90780950e-03 9.94123235e-01]\n [9.79682665e-01 1.55295680e-02 4.78776688e-03]\n [3.36949463e-03 9.91697007e-01 4.93349800e-03]\n [9.96626807e-01 2.89780424e-03 4.75388362e-04]\n [8.20147778e-05 2.61538363e-04 9.99656447e-01]]"
        },
        "ensemble": {
          "accuracy": 1.0,
          "log_loss": 0.015707224429754873,
          "predictions": "[1 2 0 2 2 1 2 2 2 1 0 2 1 0 0 2 2 1 2 2 0 1 2 0 2 0 1 2 1 0 0 2 2 2 2 2 1\n 0 2 0 2 1 2 2 0 2 2 1 0 2 2 1 1 0 2 2 0 1 0 2 1 2 0 1 2 1 1 1 1 2 2 0 2 2\n 1 2 1 1 0 2 2 1 2 0 2 1 1 0 1 2 1 1 1 0 2 2 2 1 2 2 0 0 2 2 1 0 1 1 1 2 0\n 1 0 2]",
          "probabilities": "[[9.89720350e-03 9.79698330e-01 1.04044669e-02]\n [5.56624084e-03 6.91732936e-03 9.87516430e-01]\n [9.97533284e-01 2.73066426e-04 2.19364963e-03]\n [2.23377472e-03 4.87068968e-03 9.92895536e-01]\n [2.12051008e-03 1.36338102e-02 9.84245680e-01]\n [9.48863798e-03 9.84341192e-01 6.17017048e-03]\n [2.44510295e-04 6.33297131e-03 9.93422518e-01]\n [1.83662305e-02 1.72323048e-02 9.64401465e-01]\n [6.81348161e-03 1.04779601e-02 9.82708558e-01]\n [3.25616225e-03 9.95744708e-01 9.99130109e-04]\n [9.81451411e-01 7.87639967e-03 1.06721897e-02]\n [4.17345220e-03 1.04048293e-02 9.85421718e-01]\n [3.24903966e-03 9.82476610e-01 1.42743505e-02]\n [9.92418443e-01 3.40706522e-03 4.17449181e-03]\n [9.83366737e-01 5.06191797e-03 1.15713445e-02]\n [2.86604553e-03 3.48828791e-04 9.96785126e-01]\n [4.23258415e-03 3.33130068e-03 9.92436115e-01]\n [1.04370544e-03 9.89631075e-01 9.32521984e-03]\n [3.51684441e-04 6.41690828e-03 9.93231407e-01]\n [2.15910855e-03 2.34972891e-03 9.95491163e-01]\n [9.85378259e-01 7.74761022e-03 6.87413038e-03]\n [7.03388967e-03 9.71304239e-01 2.16618710e-02]\n [1.67441275e-02 8.22022392e-03 9.75035649e-01]\n [9.64384337e-01 1.95912122e-02 1.60244507e-02]\n [2.34498572e-03 1.48824096e-03 9.96166773e-01]\n [9.94709199e-01 4.59984786e-03 6.90952874e-04]\n [1.88440804e-02 9.67996196e-01 1.31597237e-02]\n [4.11610996e-03 5.41536349e-03 9.90468527e-01]\n [7.70255804e-03 9.77218217e-01 1.50792247e-02]\n [9.89172840e-01 1.00526654e-02 7.74494295e-04]\n [9.81169316e-01 9.97071592e-03 8.85996786e-03]\n [3.64508432e-04 2.93440104e-03 9.96701091e-01]\n [1.28657450e-02 1.77398028e-02 9.69394452e-01]\n [3.85834466e-03 4.24908563e-03 9.91892570e-01]\n [2.43761898e-03 2.23564185e-03 9.95326739e-01]\n [3.74832918e-03 3.32563396e-03 9.92926037e-01]\n [1.47233304e-02 9.76046817e-01 9.22985229e-03]\n [9.87350171e-01 1.57610976e-03 1.10737197e-02]\n [4.13765551e-03 4.04268735e-03 9.91819657e-01]\n [9.96060353e-01 3.62666172e-03 3.12985097e-04]\n [3.17100477e-03 7.21835090e-03 9.89610644e-01]\n [7.55196433e-03 9.84277774e-01 8.17026176e-03]\n [4.30120097e-03 1.09932326e-02 9.84705566e-01]\n [5.13060937e-03 2.35755978e-02 9.71293793e-01]\n [9.87020221e-01 8.40162047e-03 4.57815890e-03]\n [8.96661176e-03 9.30957375e-03 9.81723814e-01]\n [2.44553503e-04 2.87373121e-04 9.99468073e-01]\n [5.25711797e-03 9.82011309e-01 1.27315726e-02]\n [9.87675952e-01 9.57984163e-03 2.74420668e-03]\n [3.15989498e-04 4.18020697e-03 9.95503804e-01]\n [5.94931055e-03 4.17524562e-03 9.89875444e-01]\n [1.30095591e-02 9.83622406e-01 3.36803483e-03]\n [1.39202768e-03 9.96427265e-01 2.18070685e-03]\n [9.85597448e-01 5.78016460e-03 8.62238697e-03]\n [1.25735999e-02 2.99818629e-02 9.57444537e-01]\n [6.12314354e-03 8.02543757e-03 9.85851419e-01]\n [9.96083346e-01 3.60584818e-03 3.10805740e-04]\n [6.07278304e-03 9.73323745e-01 2.06034722e-02]\n [9.82854342e-01 1.03656631e-02 6.77999523e-03]\n [5.68567704e-04 2.56897102e-03 9.96862461e-01]\n [4.72480048e-03 9.84384153e-01 1.08910469e-02]\n [1.07703304e-02 1.13350519e-02 9.77894618e-01]\n [9.90152398e-01 9.10669296e-03 7.40908901e-04]\n [2.11507224e-02 9.28101034e-01 5.07482440e-02]\n [2.67228739e-04 3.61969391e-04 9.99370802e-01]\n [8.53165973e-03 9.84301378e-01 7.16696260e-03]\n [7.34385587e-04 9.96874132e-01 2.39148202e-03]\n [1.03622530e-03 9.93293159e-01 5.67061577e-03]\n [4.70094703e-03 9.83003626e-01 1.22954271e-02]\n [3.78319562e-03 6.56057854e-03 9.89656226e-01]\n [5.51049006e-03 9.08597377e-03 9.85403536e-01]\n [9.87292897e-01 2.11558636e-03 1.05915170e-02]\n [7.92904503e-03 9.18893113e-03 9.82882024e-01]\n [2.44463538e-04 2.52952872e-04 9.99502584e-01]\n [2.80931612e-03 9.89224779e-01 7.96590494e-03]\n [2.87906739e-03 9.83096125e-03 9.87289971e-01]\n [1.30496075e-02 9.26894822e-01 6.00555704e-02]\n [3.72158254e-03 9.85303825e-01 1.09745929e-02]\n [9.78536618e-01 8.07975973e-03 1.33836218e-02]\n [2.92678533e-03 1.49151910e-03 9.95581696e-01]\n [4.19649166e-03 5.43046095e-03 9.90373047e-01]\n [1.53142900e-02 9.73743743e-01 1.09419673e-02]\n [1.51622124e-02 2.67167866e-02 9.58121001e-01]\n [9.82814764e-01 6.93972468e-03 1.02455111e-02]\n [2.20685179e-03 4.83659444e-03 9.92956554e-01]\n [3.59560819e-03 9.77683368e-01 1.87210235e-02]\n [1.06649969e-02 9.69833095e-01 1.95019079e-02]\n [9.83698733e-01 9.31625069e-03 6.98501660e-03]\n [5.38936719e-03 9.89671356e-01 4.93927652e-03]\n [2.59732985e-04 4.27977369e-03 9.95460493e-01]\n [3.96820475e-03 9.88563151e-01 7.46864411e-03]\n [1.15294268e-03 9.93322380e-01 5.52467687e-03]\n [4.79204968e-03 9.92370476e-01 2.83747476e-03]\n [9.84665941e-01 9.01600042e-03 6.31805907e-03]\n [2.43529551e-04 2.38091387e-04 9.99518379e-01]\n [4.78824376e-03 2.55545891e-03 9.92656297e-01]\n [3.60598160e-03 5.28739342e-03 9.91106625e-01]\n [2.81137623e-03 9.92143178e-01 5.04544608e-03]\n [2.45379173e-04 3.58983223e-03 9.96164789e-01]\n [2.12017011e-03 2.28527568e-03 9.95594554e-01]\n [9.82384337e-01 1.09238390e-02 6.69182445e-03]\n [9.72141461e-01 1.36847455e-02 1.41737934e-02]\n [1.28890826e-02 1.36792376e-02 9.73431680e-01]\n [2.50395448e-04 2.70684466e-04 9.99478920e-01]\n [2.28534152e-03 9.88719677e-01 8.99498108e-03]\n [9.37988284e-01 3.38513429e-02 2.81603728e-02]\n [7.08459176e-04 9.95929933e-01 3.36160788e-03]\n [5.64562562e-03 9.82141336e-01 1.22130385e-02]\n [1.37455230e-02 9.61194994e-01 2.50594834e-02]\n [8.24637374e-03 2.31802137e-02 9.68573413e-01]\n [9.74179736e-01 1.39135980e-02 1.19066659e-02]\n [3.91417439e-03 9.76447768e-01 1.96380574e-02]\n [9.82150413e-01 5.49787359e-03 1.23517133e-02]\n [3.60387233e-03 3.18788985e-04 9.96077339e-01]]"
        },
        "lightgbm_calibrated": {
          "accuracy": 1.0,
          "log_loss": 2.2204460492503136e-16,
          "predictions": "[1 2 0 2 2 1 2 2 2 1 0 2 1 0 0 2 2 1 2 2 0 1 2 0 2 0 1 2 1 0 0 2 2 2 2 2 1\n 0 2 0 2 1 2 2 0 2 2 1 0 2 2 1 1 0 2 2 0 1 0 2 1 2 0 1 2 1 1 1 1 2 2 0 2 2\n 1 2 1 1 0 2 2 1 2 0 2 1 1 0 1 2 1 1 1 0 2 2 2 1 2 2 0 0 2 2 1 0 1 1 1 2 0\n 1 0 2]",
          "probabilities": "[[0. 1. 0.]\n [0. 0. 1.]\n [1. 0. 0.]\n [0. 0. 1.]\n [0. 0. 1.]\n [0. 1. 0.]\n [0. 0. 1.]\n [0. 0. 1.]\n [0. 0. 1.]\n [0. 1. 0.]\n [1. 0. 0.]\n [0. 0. 1.]\n [0. 1. 0.]\n [1. 0. 0.]\n [1. 0. 0.]\n [0. 0. 1.]\n [0. 0. 1.]\n [0. 1. 0.]\n [0. 0. 1.]\n [0. 0. 1.]\n [1. 0. 0.]\n [0. 1. 0.]\n [0. 0. 1.]\n [1. 0. 0.]\n [0. 0. 1.]\n [1. 0. 0.]\n [0. 1. 0.]\n [0. 0. 1.]\n [0. 1. 0.]\n [1. 0. 0.]\n [1. 0. 0.]\n [0. 0. 1.]\n [0. 0. 1.]\n [0. 0. 1.]\n [0. 0. 1.]\n [0. 0. 1.]\n [0. 1. 0.]\n [1. 0. 0.]\n [0. 0. 1.]\n [1. 0. 0.]\n [0. 0. 1.]\n [0. 1. 0.]\n [0. 0. 1.]\n [0. 0. 1.]\n [1. 0. 0.]\n [0. 0. 1.]\n [0. 0. 1.]\n [0. 1. 0.]\n [1. 0. 0.]\n [0. 0. 1.]\n [0. 0. 1.]\n [0. 1. 0.]\n [0. 1. 0.]\n [1. 0. 0.]\n [0. 0. 1.]\n [0. 0. 1.]\n [1. 0. 0.]\n [0. 1. 0.]\n [1. 0. 0.]\n [0. 0. 1.]\n [0. 1. 0.]\n [0. 0. 1.]\n [1. 0. 0.]\n [0. 1. 0.]\n [0. 0. 1.]\n [0. 1. 0.]\n [0. 1. 0.]\n [0. 1. 0.]\n [0. 1. 0.]\n [0. 0. 1.]\n [0. 0. 1.]\n [1. 0. 0.]\n [0. 0. 1.]\n [0. 0. 1.]\n [0. 1. 0.]\n [0. 0. 1.]\n [0. 1. 0.]\n [0. 1. 0.]\n [1. 0. 0.]\n [0. 0. 1.]\n [0. 0. 1.]\n [0. 1. 0.]\n [0. 0. 1.]\n [1. 0. 0.]\n [0. 0. 1.]\n [0. 1. 0.]\n [0. 1. 0.]\n [1. 0. 0.]\n [0. 1. 0.]\n [0. 0. 1.]\n [0. 1. 0.]\n [0. 1. 0.]\n [0. 1. 0.]\n [1. 0. 0.]\n [0. 0. 1.]\n [0. 0. 1.]\n [0. 0. 1.]\n [0. 1. 0.]\n [0. 0. 1.]\n [0. 0. 1.]\n [1. 0. 0.]\n [1. 0. 0.]\n [0. 0. 1.]\n [0. 0. 1.]\n [0. 1. 0.]\n [1. 0. 0.]\n [0. 1. 0.]\n [0. 1. 0.]\n [0. 1. 0.]\n [0. 0. 1.]\n [1. 0. 0.]\n [0. 1. 0.]\n [1. 0. 0.]\n [0. 0. 1.]]"
        },
        "random_forest_calibrated": {
          "accuracy": 1.0,
          "log_loss": 0.0011258946918833164,
          "predictions": "[1 2 0 2 2 1 2 2 2 1 0 2 1 0 0 2 2 1 2 2 0 1 2 0 2 0 1 2 1 0 0 2 2 2 2 2 1\n 0 2 0 2 1 2 2 0 2 2 1 0 2 2 1 1 0 2 2 0 1 0 2 1 2 0 1 2 1 1 1 1 2 2 0 2 2\n 1 2 1 1 0 2 2 1 2 0 2 1 1 0 1 2 1 1 1 0 2 2 2 1 2 2 0 0 2 2 1 0 1 1 1 2 0\n 1 0 2]",
