{
  "architecture_results": {
    "base_models": {
      "xgboost": "XGBClassifier(base_score=None, booster=None, callbacks=None,\n              colsample_bylevel=None, colsample_bynode=None,\n              colsample_bytree=0.8, device=None, early_stopping_rounds=None,\n              enable_categorical=False, eval_metric='mlogloss',\n              feature_types=None, feature_weights=None, gamma=None,\n              grow_policy=None, importance_type=None,\n              interaction_constraints=None, learning_rate=0.05, max_bin=None,\n              max_cat_threshold=None, max_cat_to_onehot=None,\n              max_delta_step=None, max_depth=6, max_leaves=None,\n              min_child_weight=3, missing=nan, monotone_constraints=None,\n              multi_strategy=None, n_estimators=200, n_jobs=None,\n              num_parallel_tree=None, ...)",
      "lightgbm": "LGBMClassifier(bagging_fraction=0.8, bagging_freq=5, feature_fraction=0.8,\n               lambda_l1=0.1, lambda_l2=1.0, learning_rate=0.05, max_depth=6,\n               metric='multi_logloss', min_data_in_leaf=20, n_estimators=200,\n               num_class=3, num_leaves=50, objective='multiclass',\n               random_state=42, verbose=-1)",
      "random_forest": "RandomForestClassifier(class_weight='balanced', max_depth=10,\n                       min_samples_leaf=2, min_samples_split=5,\n                       random_state=42)",
      "logistic_regression": "LogisticRegression(class_weight='balanced', max_iter=1000, random_state=42)"
    },
    "training_results": {
      "xgboost": {
        "model": "XGBClassifier(base_score=None, booster=None, callbacks=None,\n              colsample_bylevel=None, colsample_bynode=None,\n              colsample_bytree=0.8, device=None, early_stopping_rounds=None,\n              enable_categorical=False, eval_metric='mlogloss',\n              feature_types=None, feature_weights=None, gamma=None,\n              grow_policy=None, importance_type=None,\n              interaction_constraints=None, learning_rate=0.05, max_bin=None,\n              max_cat_threshold=None, max_cat_to_onehot=None,\n              max_delta_step=None, max_depth=6, max_leaves=None,\n              min_child_weight=3, missing=nan, monotone_constraints=None,\n              multi_strategy=None, n_estimators=200, n_jobs=None,\n              num_parallel_tree=None, ...)",
        "train_accuracy": 1.0,
        "val_accuracy": 1.0,
        "train_logloss": 0.010888727160769005,
        "val_logloss": 0.010889639223756489,
        "success": true
      },
      "lightgbm": {
        "model": "LGBMClassifier(bagging_fraction=0.8, bagging_freq=5, feature_fraction=0.8,\n               lambda_l1=0.1, lambda_l2=1.0, learning_rate=0.05, max_depth=6,\n               metric='multi_logloss', min_data_in_leaf=20, n_estimators=200,\n               num_class=3, num_leaves=50, objective='multiclass',\n               random_state=42, verbose=-1)",
        "train_accuracy": 1.0,
        "val_accuracy": 1.0,
        "train_logloss": 0.0012882157434589115,
        "val_logloss": 0.001284234129843217,
        "success": true
      },
      "random_forest": {
        "model": "RandomForestClassifier(class_weight='balanced', max_depth=10,\n                       min_samples_leaf=2, min_samples_split=5,\n                       random_state=42)",
        "train_accuracy": 1.0,
        "val_accuracy": 1.0,
        "train_logloss": 0.015337317409059753,
        "val_logloss": 0.029023413348350846,
        "success": true
      },
      "logistic_regression": {
        "model": "LogisticRegression(class_weight='balanced', max_iter=1000, random_state=42)",
        "train_accuracy": 1.0,
        "val_accuracy": 1.0,
        "train_logloss": 0.003133323409808377,
        "val_logloss": 0.00409310790726011,
        "success": true
      }
    },
    "ensemble_model": "VotingClassifier(estimators=[('xgboost',\n                              XGBClassifier(base_score=None, booster=None,\n                                            callbacks=None,\n                                            colsample_bylevel=None,\n                                            colsample_bynode=None,\n                                            colsample_bytree=0.8, device=None,\n                                            early_stopping_rounds=None,\n                                            enable_categorical=False,\n                                            eval_metric='mlogloss',\n                                            feature_types=None,\n                                            feature_weights=None, gamma=None,\n                                            grow_policy=None,\n                                            importance_type=None,\n                                            interactio...\n                                             min_data_in_leaf=20,\n                                             n_estimators=200, num_class=3,\n                                             num_leaves=50,\n                                             objective='multiclass',\n                                             random_state=42, verbose=-1)),\n                             ('random_forest',\n                              RandomForestClassifier(class_weight='balanced',\n                                                     max_depth=10,\n                                                     min_samples_leaf=2,\n                                                     min_samples_split=5,\n                                                     random_state=42)),\n                             ('logistic_regression',\n                              LogisticRegression(class_weight='balanced',\n                                                 max_iter=1000,\n                                                 random_state=42))],\n                 voting='soft')",
    "ensemble_results": {
      "model": "VotingClassifier(estimators=[('xgboost',\n                              XGBClassifier(base_score=None, booster=None,\n                                            callbacks=None,\n                                            colsample_bylevel=None,\n                                            colsample_bynode=None,\n                                            colsample_bytree=0.8, device=None,\n                                            early_stopping_rounds=None,\n                                            enable_categorical=False,\n                                            eval_metric='mlogloss',\n                                            feature_types=None,\n                                            feature_weights=None, gamma=None,\n                                            grow_policy=None,\n                                            importance_type=None,\n                                            interactio...\n                                             min_data_in_leaf=20,\n                                             n_estimators=200, num_class=3,\n                                             num_leaves=50,\n                                             objective='multiclass',\n                                             random_state=42, verbose=-1)),\n                             ('random_forest',\n                              RandomForestClassifier(class_weight='balanced',\n                                                     max_depth=10,\n                                                     min_samples_leaf=2,\n                                                     min_samples_split=5,\n                                                     random_state=42)),\n                             ('logistic_regression',\n                              LogisticRegression(class_weight='balanced',\n                                                 max_iter=1000,\n                                                 random_state=42))],\n                 voting='soft')",
      "train_accuracy": 1.0,
      "val_accuracy": 1.0,
      "train_logloss": 0.007579608973137412,
      "val_logloss": 0.011132555756122146,
      "success": true
    },
    "calibrated_models": {
      "xgboost": "CalibratedClassifierCV(cv=3,\n                       estimator=XGBClassifier(base_score=None, booster=None,\n                                               callbacks=None,\n                                               colsample_bylevel=None,\n                                               colsample_bynode=None,\n                                               colsample_bytree=0.8,\n                                               device=None,\n                                               early_stopping_rounds=None,\n                                               enable_categorical=False,\n                                               eval_metric='mlogloss',\n                                               feature_types=None,\n                                               feature_weights=None, gamma=None,\n                                               grow_policy=None,\n                                               importance_type=None,\n                                               interaction_constraints=None,\n                                               learning_rate=0.05, max_bin=None,\n                                               max_cat_threshold=None,\n                                               max_cat_to_onehot=None,\n                                               max_delta_step=None, max_depth=6,\n                                               max_leaves=None,\n                                               min_child_weight=3, missing=nan,\n                                               monotone_constraints=None,\n                                               multi_strategy=None,\n                                               n_estimators=200, n_jobs=None,\n                                               num_parallel_tree=None, ...),\n                       method='isotonic')",
      "lightgbm": "CalibratedClassifierCV(cv=3,\n                       estimator=LGBMClassifier(bagging_fraction=0.8,\n                                                bagging_freq=5,\n                                                feature_fraction=0.8,\n                                                lambda_l1=0.1, lambda_l2=1.0,\n                                                learning_rate=0.05, max_depth=6,\n                                                metric='multi_logloss',\n                                                min_data_in_leaf=20,\n                                                n_estimators=200, num_class=3,\n                                                num_leaves=50,\n                                                objective='multiclass',\n                                                random_state=42, verbose=-1),\n                       method='isotonic')",
      "random_forest": "CalibratedClassifierCV(cv=3,\n                       estimator=RandomForestClassifier(class_weight='balanced',\n                                                        max_depth=10,\n                                                        min_samples_leaf=2,\n                                                        min_samples_split=5,\n                                                        random_state=42),\n                       method='isotonic')",
      "logistic_regression": "CalibratedClassifierCV(cv=3,\n                       estimator=LogisticRegression(class_weight='balanced',\n                                                    max_iter=1000,\n                                                    random_state=42),\n                       method='isotonic')",
      "ensemble": "CalibratedClassifierCV(cv=3,\n                       estimator=VotingClassifier(estimators=[('xgboost',\n                                                               XGBClassifier(base_score=None,\n                                                                             booster=None,\n                                                                             callbacks=None,\n                                                                             colsample_bylevel=None,\n                                                                             colsample_bynode=None,\n                                                                             colsample_bytree=0.8,\n                                                                             device=None,\n                                                                             early_stopping_rounds=None,\n                                                                             enable_categorical=False,\n                                                                             eval_metric='mlogloss',\n                                                                             feature_types=None,\n                                                                             feature_weights=None,\n                                                                             gamma=None,\n                                                                             grow_polic...\n                                                                              n_estimators=200,\n                                                                              num_class=3,\n                                                                              num_leaves=50,\n                                                                              objective='multiclass',\n                                                                              random_state=42,\n                                                                              verbose=-1)),\n                                                              ('random_forest',\n                                                               RandomForestClassifier(class_weight='balanced',\n                                                                                      max_depth=10,\n                                                                                      min_samples_leaf=2,\n                                                                                      min_samples_split=5,\n                                                                                      random_state=42)),\n                                                              ('logistic_regression',\n                                                               LogisticRegression(class_weight='balanced',\n                                                                                  max_iter=1000,\n                                                                                  random_state=42))],\n                                                  voting='soft'),\n                       method='isotonic')"
    },
    "evaluation_results": {
      "xgboost": {
        "accuracy": 1.0,
        "log_loss": 0.010854325623035364,
        "predictions": "[0 2 2 0 2 2 2 1 2 1 1 1 2 2 0 2 0 2 2 0 1 2 2 0 2 2 0 2 0 2 2 1 2 1 2 2 1\n 2 2 2 0 0 1 2 0 2 0 1 0 2 2 2 1 2 1 2 1 0 2 0 0 0 0 2 2 2 2 1 2 2 0 0 1 0\n 1 2 1 2 0 0 2 2 1 0 0 2 2 0 1 0 0 0 2 2 1 2 2 2 0 1 2 0 2 2 2 0 2 2 1 1 0\n 2 0 2 1 2 2 2 2 0 2 0 0 0 0 2 2 1 2 2 0 0 0 0 2 1 2 2 2 0 1 1 0 1 0 0 0 1\n 0 0 0 2 1 1]",
        "probabilities": "[[0.9891468  0.00551647 0.00533676]\n [0.00514989 0.00537398 0.9894761 ]\n [0.00529043 0.00543968 0.9892699 ]\n [0.9891398  0.00552345 0.00533673]\n [0.00515026 0.00530303 0.9895467 ]\n [0.00514997 0.00535859 0.98949146]\n [0.00526134 0.00543304 0.9893056 ]\n [0.00563348 0.98873377 0.00563272]\n [0.00526124 0.00545167 0.989287  ]\n [0.00558653 0.9887966  0.00561686]\n [0.00563348 0.98873377 0.00563272]\n [0.00560248 0.98876464 0.00563289]\n [0.00514989 0.00537398 0.9894761 ]\n [0.00515007 0.00534028 0.9895097 ]\n [0.98926765 0.00542446 0.00530787]\n [0.00515018 0.00531825 0.9895315 ]\n [0.9892453  0.00544692 0.00530775]\n [0.00529055 0.00541733 0.98929214]\n [0.00514989 0.00537398 0.9894761 ]\n [0.9892559  0.00543625 0.00530781]\n [0.00660472 0.9866099  0.00678545]\n [0.00515011 0.00533165 0.9895182 ]\n [0.00526104 0.00548996 0.989249  ]\n [0.9891122  0.00546496 0.00542282]\n [0.00526134 0.00543304 0.9893056 ]\n [0.00515003 0.00534697 0.989503  ]\n [0.9891517  0.00551146 0.00533679]\n [0.00515015 0.00532492 0.98952496]\n [0.98922056 0.00547187 0.00530762]\n [0.00514989 0.00537398 0.9894761 ]\n [0.00526104 0.00548996 0.989249  ]\n [0.0055738  0.98869985 0.00572632]\n [0.00515026 0.00530303 0.9895467 ]\n [0.00558585 0.9886755  0.0057387 ]\n [0.00515018 0.00531825 0.9895315 ]\n [0.00515018 0.00531825 0.9895315 ]\n [0.00550131 0.9889675  0.00553117]\n [0.00515018 0.00531825 0.9895315 ]\n [0.00515026 0.00530303 0.9895467 ]\n [0.0052613  0.00543984 0.9892988 ]\n [0.9892267  0.0054656  0.00530765]\n [0.98922414 0.00543871 0.00533718]\n [0.00553109 0.98881793 0.00565099]\n [0.00526134 0.00543304 0.9893056 ]\n [0.98914635 0.00543069 0.00542301]\n [0.00514997 0.00535859 0.98949146]\n [0.98922414 0.00543871 0.00533718]\n [0.00553582 0.98889834 0.00556587]\n [0.9891468  0.00551647 0.00533676]\n [0.00515018 0.00531825 0.9895315 ]\n [0.00529043 0.00543968 0.9892699 ]\n [0.00515011 0.00533165 0.9895182 ]\n [0.0055366  0.98695403 0.00750937]\n [0.00514989 0.00537398 0.9894761 ]\n [0.00560248 0.98876464 0.00563289]\n [0.00514997 0.00535859 0.98949146]\n [0.00563279 0.98861235 0.0057549 ]\n [0.9891089  0.00543807 0.00545299]\n [0.00515003 0.00534697 0.989503  ]\n [0.98916745 0.00549569 0.00533688]\n [0.98922414 0.00543871 0.00533718]\n [0.9892831  0.00540893 0.00530796]\n [0.98905224 0.00549505 0.00545267]\n [0.00515026 0.00530303 0.9895467 ]\n [0.00517884 0.00529137 0.9895298 ]\n [0.00517855 0.00534681 0.98947465]\n [0.0051504  0.00527637 0.9895732 ]\n [0.00560465 0.9886692  0.00572614]\n [0.00526112 0.00547424 0.98926467]\n [0.00514997 0.00535859 0.98949146]\n [0.98917425 0.00548881 0.00533691]\n [0.9891517  0.00551146 0.00533679]\n [0.00553582 0.98889834 0.00556587]\n [0.9892831  0.00540893 0.00530796]\n [0.00555861 0.9888526  0.00558879]\n [0.00526142 0.00541748 0.9893211 ]\n [0.00554405 0.98876023 0.00569576]\n [0.00517863 0.0053315  0.98948985]\n [0.9891398  0.00552345 0.00533673]\n [0.9892111  0.00548129 0.00530757]\n [0.00514997 0.00535859 0.98949146]\n [0.00515018 0.00531825 0.9895315 ]\n [0.00550065 0.9888482  0.00565116]\n [0.98916745 0.00549569 0.00533688]\n [0.9892151  0.00542417 0.00536079]\n [0.00514989 0.00537398 0.9894761 ]\n [0.00529017 0.0054898  0.9892201 ]\n [0.9891122  0.00546496 0.00542282]\n [0.0055738  0.98869985 0.00572632]\n [0.98924035 0.00545186 0.00530773]\n [0.9892267  0.0054656  0.00530765]\n [0.9892831  0.00540893 0.00530796]\n [0.00526104 0.00548996 0.989249  ]\n [0.00515032 0.00529152 0.98955816]\n [0.00557448 0.9888208  0.00560474]\n [0.00514997 0.00535859 0.98949146]\n [0.0051787  0.0053181  0.98950315]\n [0.00515011 0.00533165 0.9895182 ]\n [0.9892831  0.00540893 0.00530796]\n [0.00560248 0.98876464 0.00563289]\n [0.00526112 0.00547424 0.98926467]\n [0.98915523 0.00550795 0.00533681]\n [0.00514989 0.00537398 0.9894761 ]\n [0.0051787  0.0053181  0.98950315]\n [0.0051787  0.0053181  0.98950315]\n [0.98926765 0.00542446 0.00530787]\n [0.00529029 0.00546716 0.9892426 ]\n [0.00515018 0.00531825 0.9895315 ]\n [0.00558653 0.9887966  0.00561686]\n [0.00555793 0.988732   0.00571002]\n [0.98919934 0.0054932  0.00530751]\n [0.00526112 0.00547424 0.98926467]\n [0.98926765 0.00542446 0.00530787]\n [0.00515003 0.00534697 0.989503  ]\n [0.00551702 0.988936   0.00554697]\n [0.00515011 0.00533165 0.9895182 ]\n [0.0051504  0.00527637 0.9895732 ]\n [0.00517878 0.00530288 0.98951834]\n [0.00526112 0.00547424 0.98926467]\n [0.9891812  0.00548188 0.00533695]\n [0.00515011 0.00533165 0.9895182 ]\n [0.9892831  0.00540893 0.00530796]\n [0.9891812  0.00548188 0.00533695]\n [0.9891517  0.00551146 0.00533679]\n [0.9892018  0.00546123 0.00533706]\n [0.00526157 0.00539025 0.9893482 ]\n [0.00515003 0.00534697 0.989503  ]\n [0.00550131 0.9889675  0.00553117]\n [0.00515018 0.00531825 0.9895315 ]\n [0.00526112 0.00547424 0.98926467]\n [0.9891685  0.0054083  0.00542313]\n [0.9892831  0.00540893 0.00530796]\n [0.98913085 0.00544629 0.00542292]\n [0.98912406 0.0055393  0.00533664]\n [0.00515018 0.00531825 0.9895315 ]\n [0.00558906 0.9887666  0.00564432]\n [0.00514997 0.00535859 0.98949146]\n [0.00515032 0.00529152 0.98955816]\n [0.0051504  0.00527637 0.9895732 ]\n [0.9892336  0.00545876 0.00530769]\n [0.00561745 0.9887659  0.00561668]\n [0.00550065 0.9888482  0.00565116]\n [0.98922414 0.00543871 0.00533718]\n [0.00557951 0.98881066 0.0056098 ]\n [0.9892111  0.00548129 0.00530757]\n [0.9892267  0.0054656  0.00530765]\n [0.9891967  0.00546618 0.00533703]\n [0.0055738  0.98869985 0.00572632]\n [0.9892831  0.00540893 0.00530796]\n [0.9892831  0.00540893 0.00530796]\n [0.98905224 0.00549505 0.00545267]\n [0.00517884 0.00529137 0.9895298 ]\n [0.00553176 0.98893726 0.005531  ]\n [0.00553176 0.98893726 0.005531  ]]"
      },
      "lightgbm": {
        "accuracy": 1.0,
        "log_loss": 0.0012796861394519484,
        "predictions": "[0 2 2 0 2 2 2 1 2 1 1 1 2 2 0 2 0 2 2 0 1 2 2 0 2 2 0 2 0 2 2 1 2 1 2 2 1\n 2 2 2 0 0 1 2 0 2 0 1 0 2 2 2 1 2 1 2 1 0 2 0 0 0 0 2 2 2 2 1 2 2 0 0 1 0\n 1 2 1 2 0 0 2 2 1 0 0 2 2 0 1 0 0 0 2 2 1 2 2 2 0 1 2 0 2 2 2 0 2 2 1 1 0\n 2 0 2 1 2 2 2 2 0 2 0 0 0 0 2 2 1 2 2 0 0 0 0 2 1 2 2 2 0 1 1 0 1 0 0 0 1\n 0 0 0 2 1 1]",
        "probabilities": "[[9.98695110e-01 6.48569085e-04 6.56320948e-04]\n [6.18282640e-04 6.23597953e-04 9.98758119e-01]\n [6.18283350e-04 6.22450468e-04 9.98759266e-01]\n [9.98693915e-01 6.49764689e-04 6.56320163e-04]\n [6.18283350e-04 6.22450468e-04 9.98759266e-01]\n [6.18283350e-04 6.22450468e-04 9.98759266e-01]\n [6.18283350e-04 6.22450468e-04 9.98759266e-01]\n [6.52200159e-04 9.98681881e-01 6.65919282e-04]\n [6.18283350e-04 6.22450468e-04 9.98759266e-01]\n [6.52200159e-04 9.98681881e-01 6.65919282e-04]\n [6.52200159e-04 9.98681881e-01 6.65919282e-04]\n [6.52200159e-04 9.98681881e-01 6.65919282e-04]\n [6.18283350e-04 6.22450468e-04 9.98759266e-01]\n [6.18282640e-04 6.23597953e-04 9.98758119e-01]\n [9.98693915e-01 6.49764689e-04 6.56320163e-04]\n [6.18283350e-04 6.22450468e-04 9.98759266e-01]\n [9.98695110e-01 6.48569085e-04 6.56320948e-04]\n [6.18283350e-04 6.22450468e-04 9.98759266e-01]\n [6.18283350e-04 6.22450468e-04 9.98759266e-01]\n [9.98693915e-01 6.49764689e-04 6.56320163e-04]\n [6.78434794e-04 9.98655663e-01 6.65901801e-04]\n [6.18282640e-04 6.23597953e-04 9.98758119e-01]\n [6.18283350e-04 6.22450468e-04 9.98759266e-01]\n [9.98695110e-01 6.48569085e-04 6.56320948e-04]\n [6.18283350e-04 6.22450468e-04 9.98759266e-01]\n [6.18283350e-04 6.22450468e-04 9.98759266e-01]\n [9.98693915e-01 6.49764689e-04 6.56320163e-04]\n [6.18282640e-04 6.23597953e-04 9.98758119e-01]\n [9.98693915e-01 6.49764689e-04 6.56320163e-04]\n [6.18282640e-04 6.23597953e-04 9.98758119e-01]\n [6.18283350e-04 6.22450468e-04 9.98759266e-01]\n [6.52200159e-04 9.98681881e-01 6.65919282e-04]\n [6.18283350e-04 6.22450468e-04 9.98759266e-01]\n [6.52200159e-04 9.98681881e-01 6.65919282e-04]\n [6.18283350e-04 6.22450468e-04 9.98759266e-01]\n [6.18283350e-04 6.22450468e-04 9.98759266e-01]\n [6.52200159e-04 9.98681881e-01 6.65919282e-04]\n [6.18283350e-04 6.22450468e-04 9.98759266e-01]\n [6.18283350e-04 6.22450468e-04 9.98759266e-01]\n [6.18282640e-04 6.23597953e-04 9.98758119e-01]\n [9.98695110e-01 6.48569085e-04 6.56320948e-04]\n [9.98695110e-01 6.48569085e-04 6.56320948e-04]\n [6.52200159e-04 9.98681881e-01 6.65919282e-04]\n [6.18282640e-04 6.23597953e-04 9.98758119e-01]\n [9.98695110e-01 6.48569085e-04 6.56320948e-04]\n [6.18282640e-04 6.23597953e-04 9.98758119e-01]\n [9.98693915e-01 6.49764689e-04 6.56320163e-04]\n [6.52200159e-04 9.98681881e-01 6.65919282e-04]\n [9.98693915e-01 6.49764689e-04 6.56320163e-04]\n [6.18282640e-04 6.23597953e-04 9.98758119e-01]\n [6.18283350e-04 6.22450468e-04 9.98759266e-01]\n [6.18282640e-04 6.23597953e-04 9.98758119e-01]\n [6.52200159e-04 9.98681881e-01 6.65919282e-04]\n [6.18282640e-04 6.23597953e-04 9.98758119e-01]\n [6.52200159e-04 9.98681881e-01 6.65919282e-04]\n [6.18283350e-04 6.22450468e-04 9.98759266e-01]\n [6.52200159e-04 9.98681881e-01 6.65919282e-04]\n [9.98695110e-01 6.48569085e-04 6.56320948e-04]\n [6.18283350e-04 6.22450468e-04 9.98759266e-01]\n [9.98695110e-01 6.48569085e-04 6.56320948e-04]\n [9.98695110e-01 6.48569085e-04 6.56320948e-04]\n [9.98695110e-01 6.48569085e-04 6.56320948e-04]\n [9.98695110e-01 6.48569085e-04 6.56320948e-04]\n [6.18282640e-04 6.23597953e-04 9.98758119e-01]\n [6.18282640e-04 6.23597953e-04 9.98758119e-01]\n [6.18282640e-04 6.23597953e-04 9.98758119e-01]\n [6.18283350e-04 6.22450468e-04 9.98759266e-01]\n [6.52200159e-04 9.98681881e-01 6.65919282e-04]\n [6.18283350e-04 6.22450468e-04 9.98759266e-01]\n [6.18283350e-04 6.22450468e-04 9.98759266e-01]\n [9.98693915e-01 6.49764689e-04 6.56320163e-04]\n [9.98695110e-01 6.48569085e-04 6.56320948e-04]\n [6.52200159e-04 9.98681881e-01 6.65919282e-04]\n [9.98693915e-01 6.49764689e-04 6.56320163e-04]\n [6.52200159e-04 9.98681881e-01 6.65919282e-04]\n [6.18283350e-04 6.22450468e-04 9.98759266e-01]\n [6.52200159e-04 9.98681881e-01 6.65919282e-04]\n [6.18282640e-04 6.23597953e-04 9.98758119e-01]\n [9.98693915e-01 6.49764689e-04 6.56320163e-04]\n [9.98695110e-01 6.48569085e-04 6.56320948e-04]\n [6.18283350e-04 6.22450468e-04 9.98759266e-01]\n [6.18282640e-04 6.23597953e-04 9.98758119e-01]\n [6.52200159e-04 9.98681881e-01 6.65919282e-04]\n [9.98695110e-01 6.48569085e-04 6.56320948e-04]\n [9.98693915e-01 6.49764689e-04 6.56320163e-04]\n [6.18282640e-04 6.23597953e-04 9.98758119e-01]\n [6.18283350e-04 6.22450468e-04 9.98759266e-01]\n [9.98695110e-01 6.48569085e-04 6.56320948e-04]\n [6.52200159e-04 9.98681881e-01 6.65919282e-04]\n [9.98693915e-01 6.49764689e-04 6.56320163e-04]\n [9.98695110e-01 6.48569085e-04 6.56320948e-04]\n [9.98693915e-01 6.49764689e-04 6.56320163e-04]\n [6.18283350e-04 6.22450468e-04 9.98759266e-01]\n [6.18282640e-04 6.23597953e-04 9.98758119e-01]\n [6.52200159e-04 9.98681881e-01 6.65919282e-04]\n [6.18282640e-04 6.23597953e-04 9.98758119e-01]\n [6.18282640e-04 6.23597953e-04 9.98758119e-01]\n [6.18282640e-04 6.23597953e-04 9.98758119e-01]\n [9.98695110e-01 6.48569085e-04 6.56320948e-04]\n [6.52200159e-04 9.98681881e-01 6.65919282e-04]\n [6.18283350e-04 6.22450468e-04 9.98759266e-01]\n [9.98693915e-01 6.49764689e-04 6.56320163e-04]\n [6.18282640e-04 6.23597953e-04 9.98758119e-01]\n [6.18282640e-04 6.23597953e-04 9.98758119e-01]\n [6.18282640e-04 6.23597953e-04 9.98758119e-01]\n [9.98695110e-01 6.48569085e-04 6.56320948e-04]\n [6.18282640e-04 6.23597953e-04 9.98758119e-01]\n [6.18282640e-04 6.23597953e-04 9.98758119e-01]\n [6.52200159e-04 9.98681881e-01 6.65919282e-04]\n [6.52200159e-04 9.98681881e-01 6.65919282e-04]\n [9.98695110e-01 6.48569085e-04 6.56320948e-04]\n [6.18283350e-04 6.22450468e-04 9.98759266e-01]\n [9.98693915e-01 6.49764689e-04 6.56320163e-04]\n [6.18282640e-04 6.23597953e-04 9.98758119e-01]\n [6.52200159e-04 9.98681881e-01 6.65919282e-04]\n [6.18273576e-04 6.38248172e-04 9.98743478e-01]\n [6.18283350e-04 6.22450468e-04 9.98759266e-01]\n [6.18282640e-04 6.23597953e-04 9.98758119e-01]\n [6.18282640e-04 6.23597953e-04 9.98758119e-01]\n [9.98693915e-01 6.49764689e-04 6.56320163e-04]\n [6.18282640e-04 6.23597953e-04 9.98758119e-01]\n [9.98695110e-01 6.48569085e-04 6.56320948e-04]\n [9.98695110e-01 6.48569085e-04 6.56320948e-04]\n [9.98693915e-01 6.49764689e-04 6.56320163e-04]\n [9.98695110e-01 6.48569085e-04 6.56320948e-04]\n [6.18282640e-04 6.23597953e-04 9.98758119e-01]\n [6.18282640e-04 6.23597953e-04 9.98758119e-01]\n [6.52200159e-04 9.98681881e-01 6.65919282e-04]\n [6.18283350e-04 6.22450468e-04 9.98759266e-01]\n [6.18283350e-04 6.22450468e-04 9.98759266e-01]\n [9.98695110e-01 6.48569085e-04 6.56320948e-04]\n [9.98693915e-01 6.49764689e-04 6.56320163e-04]\n [9.98695110e-01 6.48569085e-04 6.56320948e-04]\n [9.98695110e-01 6.48569085e-04 6.56320948e-04]\n [6.18282640e-04 6.23597953e-04 9.98758119e-01]\n [6.52200159e-04 9.98681881e-01 6.65919282e-04]\n [6.18282640e-04 6.23597953e-04 9.98758119e-01]\n [6.18282640e-04 6.23597953e-04 9.98758119e-01]\n [6.18273576e-04 6.38248172e-04 9.98743478e-01]\n [9.98693915e-01 6.49764689e-04 6.56320163e-04]\n [6.52200159e-04 9.98681881e-01 6.65919282e-04]\n [6.52200159e-04 9.98681881e-01 6.65919282e-04]\n [9.98695110e-01 6.48569085e-04 6.56320948e-04]\n [6.52200159e-04 9.98681881e-01 6.65919282e-04]\n [9.98693915e-01 6.49764689e-04 6.56320163e-04]\n [9.98695110e-01 6.48569085e-04 6.56320948e-04]\n [9.98695110e-01 6.48569085e-04 6.56320948e-04]\n [6.52200159e-04 9.98681881e-01 6.65919282e-04]\n [9.98693915e-01 6.49764689e-04 6.56320163e-04]\n [9.98693915e-01 6.49764689e-04 6.56320163e-04]\n [9.98695110e-01 6.48569085e-04 6.56320948e-04]\n [6.18283350e-04 6.22450468e-04 9.98759266e-01]\n [6.52200159e-04 9.98681881e-01 6.65919282e-04]\n [6.52200159e-04 9.98681881e-01 6.65919282e-04]]"
      },
      "random_forest": {
        "accuracy": 1.0,
        "log_loss": 0.028180794713455214,
        "predictions": "[0 2 2 0 2 2 2 1 2 1 1 1 2 2 0 2 0 2 2 0 1 2 2 0 2 2 0 2 0 2 2 1 2 1 2 2 1\n 2 2 2 0 0 1 2 0 2 0 1 0 2 2 2 1 2 1 2 1 0 2 0 0 0 0 2 2 2 2 1 2 2 0 0 1 0\n 1 2 1 2 0 0 2 2 1 0 0 2 2 0 1 0 0 0 2 2 1 2 2 2 0 1 2 0 2 2 2 0 2 2 1 1 0\n 2 0 2 1 2 2 2 2 0 2 0 0 0 0 2 2 1 2 2 0 0 0 0 2 1 2 2 2 0 1 1 0 1 0 0 0 1\n 0 0 0 2 1 1]",
        "probabilities": "[[0.88220821 0.0335545  0.08423729]\n [0.00253731 0.         0.99746269]\n [0.04659256 0.01448053 0.93892691]\n [0.9112649  0.02769951 0.0610356 ]\n [0.03487495 0.01528571 0.94983933]\n [0.01       0.02       0.97      ]\n [0.01       0.02       0.97      ]\n [0.01475524 0.94953047 0.03571429]\n [0.         0.         1.        ]\n [0.         0.99       0.01      ]\n [0.01       0.95428571 0.03571429]\n [0.02496806 0.95503194 0.02      ]\n [0.00311927 0.01688073 0.98      ]\n [0.00576271 0.         0.99423729]\n [0.98311927 0.00688073 0.01      ]\n [0.01576271 0.         0.98423729]\n [0.99       0.         0.01      ]\n [0.0180315  0.         0.9819685 ]\n [0.00475524 0.01       0.98524476]\n [0.98       0.02       0.        ]\n [0.05439907 0.89299567 0.05260526]\n [0.         0.         1.        ]\n [0.00475524 0.02371229 0.97153247]\n [0.97576271 0.02       0.00423729]\n [0.         0.         1.        ]\n [0.         0.01       0.99      ]\n [0.96972776 0.02027224 0.01      ]\n [0.01       0.01       0.98      ]\n [0.98       0.01       0.01      ]\n [0.01       0.         0.99      ]\n [0.03475524 0.00524476 0.96      ]\n [0.0164455  0.9835545  0.        ]\n [0.         0.0275     0.9725    ]\n [0.         0.976      0.024     ]\n [0.         0.         1.        ]\n [0.01911224 0.         0.98088776]\n [0.00153499 0.99846501 0.        ]\n [0.         0.01       0.99      ]\n [0.0080315  0.01628571 0.97568279]\n [0.00774522 0.02255977 0.96969501]\n [1.         0.         0.        ]\n [0.96       0.02       0.02      ]\n [0.01       0.99       0.        ]\n [0.         0.         1.        ]\n [0.9252732  0.06524476 0.00948204]\n [0.         0.         1.        ]\n [0.98       0.01       0.01      ]\n [0.01475524 0.98124476 0.004     ]\n [0.86808732 0.05791268 0.074     ]\n [0.01       0.01       0.98      ]\n [0.01082985 0.01448053 0.97468962]\n [0.00731183 0.         0.99268817]\n [0.         0.99       0.01      ]\n [0.         0.         1.        ]\n [0.         0.9475     0.0525    ]\n [0.00576271 0.01       0.98423729]\n [0.0064455  0.9835545  0.01      ]\n [0.99       0.01       0.        ]\n [0.02307454 0.006      0.97092546]\n [0.98787451 0.00524476 0.00688073]\n [0.9864455  0.0135545  0.        ]\n [1.         0.         0.        ]\n [0.99       0.01       0.        ]\n [0.         0.         1.        ]\n [0.00576271 0.006      0.98823729]\n [0.         0.01       0.99      ]\n [0.02729256 0.02524476 0.94746269]\n [0.01376731 0.95623269 0.03      ]\n [0.         0.03       0.97      ]\n [0.02       0.09778571 0.88221429]\n [0.9364455  0.0335545  0.03      ]\n [0.993309   0.00547445 0.00121655]\n [0.03259386 0.96740614 0.        ]\n [0.99671053 0.         0.00328947]\n [0.01972234 0.90370158 0.07657609]\n [0.         0.         1.        ]\n [0.01146577 0.97124476 0.01728947]\n [0.02247324 0.01       0.96752676]\n [0.99       0.006      0.004     ]\n [0.94       0.0375     0.0225    ]\n [0.02406274 0.006      0.96993726]\n [0.         0.         1.        ]\n [0.05314405 0.84853777 0.09831818]\n [0.9980315  0.         0.0019685 ]\n [0.95576271 0.01       0.03423729]\n [0.00184783 0.         0.99815217]\n [0.02576271 0.01       0.96423729]\n [0.99       0.         0.01      ]\n [0.04120074 0.94879926 0.01      ]\n [0.99       0.01       0.        ]\n [0.99475524 0.00524476 0.        ]\n [0.96576271 0.01       0.02423729]\n [0.04278674 0.04521229 0.91200097]\n [0.         0.         1.        ]\n [0.         1.         0.        ]\n [0.         0.         1.        ]\n [0.         0.0175     0.9825    ]\n [0.         0.02       0.98      ]\n [0.97949727 0.00524476 0.01525798]\n [0.02639707 0.88788865 0.08571429]\n [0.00279835 0.01848053 0.97872111]\n [0.84808732 0.05791268 0.094     ]\n [0.         0.01       0.99      ]\n [0.01       0.01       0.98      ]\n [0.         0.00882353 0.99117647]\n [0.9980315  0.         0.0019685 ]\n [0.01       0.01292308 0.97707692]\n [0.         0.0335     0.9665    ]\n [0.01465425 0.96067908 0.02466667]\n [0.0064455  0.9935545  0.        ]\n [0.99       0.01       0.        ]\n [0.00475524 0.00428571 0.99095904]\n [0.9880315  0.01       0.0019685 ]\n [0.         0.         1.        ]\n [0.00475524 0.98524476 0.01      ]\n [0.02852828 0.         0.97147172]\n [0.         0.         1.        ]\n [0.00279835 0.00617284 0.99102881]\n [0.00871795 0.01       0.98128205]\n [0.97       0.03       0.        ]\n [0.00576271 0.         0.99423729]\n [0.98949727 0.         0.01050273]\n [0.92685732 0.03567999 0.03746269]\n [0.97972776 0.02027224 0.        ]\n [0.9029609  0.04980467 0.04723443]\n [0.         0.017      0.983     ]\n [0.         0.         1.        ]\n [0.05646958 0.86581614 0.07771429]\n [0.00671053 0.01230769 0.98098178]\n [0.01       0.02       0.97      ]\n [0.97573476 0.01705198 0.00721326]\n [0.99       0.01       0.        ]\n [0.98981033 0.         0.01018967]\n [0.9864455  0.0135545  0.        ]\n [0.         0.         1.        ]\n [0.         0.98285714 0.01714286]\n [0.00871795 0.         0.99128205]\n [0.01       0.         0.99      ]\n [0.01207912 0.01       0.97792088]\n [0.99671053 0.         0.00328947]\n [0.03       0.96018182 0.00981818]\n [0.00376731 0.99623269 0.        ]\n [0.99534332 0.00268817 0.0019685 ]\n [0.         0.995      0.005     ]\n [0.97880286 0.01524476 0.00595238]\n [0.99       0.01       0.        ]\n [0.98731183 0.00868817 0.004     ]\n [0.         0.992      0.008     ]\n [0.99       0.01       0.        ]\n [1.         0.         0.        ]\n [0.9137619  0.05316886 0.03306923]\n [0.02307454 0.00428571 0.97263975]\n [0.01       0.98       0.01      ]\n [0.05462366 0.8775117  0.06786464]]"
      },
      "logistic_regression": {
        "accuracy": 1.0,
        "log_loss": 0.0035368560315809676,
        "predictions": "[0 2 2 0 2 2 2 1 2 1 1 1 2 2 0 2 0 2 2 0 1 2 2 0 2 2 0 2 0 2 2 1 2 1 2 2 1\n 2 2 2 0 0 1 2 0 2 0 1 0 2 2 2 1 2 1 2 1 0 2 0 0 0 0 2 2 2 2 1 2 2 0 0 1 0\n 1 2 1 2 0 0 2 2 1 0 0 2 2 0 1 0 0 0 2 2 1 2 2 2 0 1 2 0 2 2 2 0 2 2 1 1 0\n 2 0 2 1 2 2 2 2 0 2 0 0 0 0 2 2 1 2 2 0 0 0 0 2 1 2 2 2 0 1 1 0 1 0 0 0 1\n 0 0 0 2 1 1]",
